>> A(2:4,3:4)
ans =
 11 8
 7 12
 14 1
