>> array = 1:2:9
array =
 1 3 5 7 9
